$ 1 0.000005 10.20027730826997 50 5 43
L 48 160 -16 160 0 1 false 5 0
w 144 160 144 192 0
w 112 160 112 192 0
w 80 160 80 192 0
w 48 160 48 192 0
w 48 160 80 160 0
w 80 160 112 160 0
w 112 160 144 160 0
w 48 256 48 416 0
w 48 256 160 256 0
w 80 272 80 480 0
w 80 272 192 272 0
w 112 288 112 576 0
w 112 288 224 288 0
w 144 304 144 640 0
w 144 304 256 304 0
w 160 256 160 352 0
w 192 272 192 352 0
w 224 288 224 352 0
w 256 304 256 352 0
I 160 352 160 384 0 0.5 5
I 192 352 192 384 0 0.5 5
I 224 352 224 384 0 0.5 5
I 256 352 256 384 0 0.5 5
w 160 384 160 752 0
w 192 384 192 816 0
w 224 384 224 448 0
w 256 384 256 512 0
w 48 416 320 416 0
w 224 448 320 448 0
w 80 480 320 480 0
w 256 512 320 512 0
150 320 432 336 432 0 2 5 5
150 320 496 336 496 0 2 0 5
w 336 432 352 448 0
w 336 496 352 480 0
w 368 464 432 464 0
s 48 192 48 208 0 0 false
w 48 208 48 256 0
s 112 192 112 208 0 1 false
s 144 192 144 208 0 0 false
w 80 208 80 272 0
s 80 192 80 208 0 1 false
w 112 208 112 288 0
w 144 208 144 304 0
w 48 544 352 544 0
w 112 576 352 576 0
w 80 608 352 608 0
w 144 640 352 640 0
154 352 560 368 560 0 2 5 5
154 352 624 368 624 0 2 5 5
150 384 592 400 592 0 2 0 5
w 400 592 464 592 0
I 368 560 384 576 0 0.5 5
I 368 624 384 608 0 0.5 5
w 256 512 256 880 0
w 80 480 80 608 0
w 224 448 224 880 0
w 48 416 48 544 0
w 48 544 48 880 0
w 112 576 112 784 0
w 80 608 80 880 0
w 144 640 144 848 0
w 368 800 432 800 0
w 336 832 352 816 0
w 336 768 352 784 0
150 320 832 336 832 0 2 5 5
150 320 768 336 768 0 2 0 5
w 144 848 320 848 0
w 192 816 320 816 0
w 112 784 320 784 0
w 160 752 320 752 0
w 160 752 160 880 0
w 112 784 112 880 0
w 192 816 192 880 0
w 144 848 144 880 0
152 352 464 368 464 0 2 5 5
152 352 800 368 800 0 2 5 5
x 41 146 65 149 4 24 Aº
x 71 146 94 149 4 24 A¹
x 103 147 128 150 4 24 Bº
x 135 148 159 151 4 24 B¹
