$ 1 0.000005 10.20027730826997 50 5 43
L 48 160 -16 160 0 1 false 5 0
w 144 160 144 192 0
w 112 160 112 192 0
w 80 160 80 192 0
w 48 160 48 192 0
w 48 160 80 160 0
w 80 160 112 160 0
w 112 160 144 160 0
w 48 256 48 400 0
w 48 256 160 256 0
w 80 272 80 464 0
w 80 272 192 272 0
w 112 288 112 640 0
w 112 288 224 288 0
w 144 304 144 704 0
w 144 304 256 304 0
w 160 256 160 352 0
w 192 272 192 352 0
w 224 288 224 352 0
w 256 304 256 352 0
I 160 352 160 384 0 0.5 5
I 192 352 192 384 0 0.5 5
I 224 352 224 384 0 0.5 5
I 256 352 256 384 0 0.5 5
w 160 384 160 736 0
w 192 384 192 816 0
w 224 384 224 432 0
w 256 384 256 496 0
s 48 192 48 208 0 1 false
w 48 208 48 256 0
s 112 192 112 208 0 0 false
s 144 192 144 208 0 0 false
w 80 208 80 272 0
s 80 192 80 208 0 1 false
w 112 208 112 288 0
w 144 208 144 304 0
w 48 608 352 608 0
w 112 640 352 640 0
w 80 672 352 672 0
w 144 704 352 704 0
154 352 624 368 624 0 2 5 5
154 352 688 368 688 0 2 5 5
150 384 656 400 656 0 2 0 5
w 400 656 432 656 0
I 368 624 384 640 0 0.5 5
I 368 688 384 672 0 0.5 5
w 80 464 80 544 0
w 224 432 224 480 0
w 48 400 48 528 0
w 112 640 112 768 0
w 80 672 80 928 0
w 144 704 144 832 0
w 160 736 160 800 0
w 192 816 192 864 0
x 40 105 64 108 4 24 Aº
x 70 105 93 108 4 24 A¹
x 102 106 127 109 4 24 Bº
x 134 107 158 110 4 24 B¹
w 384 480 432 480 0
w 352 480 368 480 0
w 368 496 352 544 0
w 352 416 368 464 0
152 368 480 384 480 0 3 0 5
w 256 560 336 560 0
w 336 544 80 544 0
w 336 528 48 528 0
150 336 544 352 544 0 3 0 5
w 256 496 336 496 0
w 224 480 336 480 0
150 336 480 352 480 0 3 0 5
w 80 464 336 464 0
w 336 432 224 432 0
150 336 416 352 416 0 2 0 5
w 48 400 336 400 0
w 48 528 48 608 0
w 80 544 80 672 0
w 160 736 336 736 0
150 336 752 352 752 0 2 5 5
w 336 768 112 768 0
w 160 800 336 800 0
150 336 816 352 816 0 3 5 5
w 192 816 336 816 0
w 144 832 336 832 0
150 336 880 352 880 0 3 5 5
w 336 864 192 864 0
w 336 880 112 880 0
w 144 896 336 896 0
152 368 816 384 816 0 3 5 5
w 352 752 368 800 0
w 368 832 352 880 0
w 352 816 368 816 0
w 384 816 432 816 0
w 144 832 144 896 0
w 256 496 256 560 0
w 48 608 48 928 0
w 112 768 112 880 0
w 144 896 144 928 0
w 160 800 160 928 0
w 192 864 192 928 0
w 224 480 224 928 0
w 256 560 256 928 0
w 112 880 112 928 0
x 41 149 56 152 4 24 A
x 71 147 87 150 4 24 B
x 103 148 120 151 4 24 C
x 136 148 153 151 4 24 D
x 135 956 152 959 4 24 D
x 102 956 119 959 4 24 C
x 72 957 88 960 4 24 B
x 40 957 55 960 4 24 A
x 249 956 271 959 4 24 D'
x 216 956 238 959 4 24 C'
x 184 957 205 960 4 24 B'
x 154 957 174 960 4 24 A'
