$ 0 0.000005 1.0312258501325766 50 5 50
151 16 -96 128 -96 0 2 5 5
151 16 -16 128 -16 0 2 5 5
w 16 -112 0 -96 0
w 16 -80 0 -96 0
w 16 -32 0 -16 0
w 16 0 0 -16 0
L 0 -16 -48 -16 0 0 false 5 0
L 0 -96 -48 -96 0 0 false 5 0
151 192 -80 288 -80 0 2 0 5
M 288 -80 336 -80 0 2.5
w 128 -96 192 -96 0
w 128 -16 192 -64 0
151 32 80 144 80 0 2 5 5
151 176 80 304 80 0 2 0 5
L 32 64 -32 64 0 0 false 5 0
L 32 96 -32 96 0 0 false 5 0
M 304 80 336 80 0 2.5
w 144 80 176 64 0
w 144 80 176 96 0
153 16 224 128 224 0 2 5 5
153 160 224 320 224 0 2 0 5
153 16 304 112 304 0 2 5 5
153 16 368 96 368 0 2 5 5
w 128 224 160 240 0
w 128 224 160 208 0
L 16 208 -32 208 0 0 false 5 0
L 16 240 -32 240 0 0 false 5 0
M 320 224 352 224 0 2.5
w 16 288 0 304 0
w 16 320 0 304 0
w 16 352 0 368 0
w 16 384 0 368 0
L 0 304 -32 304 0 0 false 5 0
L 0 368 -32 368 0 0 false 5 0
w 96 368 144 336 0
w 112 304 144 304 0
153 144 320 240 320 0 2 0 5
M 240 320 288 320 0 2.5
151 0 496 80 496 0 2 5 5
151 0 560 80 560 0 2 5 5
151 112 560 192 560 0 2 0 5
151 224 528 304 528 0 2 5 5
w 80 560 112 544 0
w 80 560 112 576 0
w 192 560 224 544 0
w 224 512 80 496 0
M 304 528 352 528 0 2.5
L -16 496 -48 496 0 0 false 5 0
L -16 560 -48 560 0 0 false 5 0
w -16 560 0 544 0
w -16 560 0 576 0
w -16 496 0 512 0
w -16 496 0 480 0
w -16 640 0 624 0
w -16 640 0 656 0
w -16 704 0 720 0
w -16 704 0 688 0
L -16 704 -48 704 0 0 false 5 0
L -16 640 -48 640 0 0 false 5 0
M 400 672 448 672 0 2.5
w 224 656 80 640 0
w 192 704 224 688 0
w 80 704 112 720 0
w 80 704 112 688 0
151 224 672 304 672 0 2 5 5
151 112 704 192 704 0 2 0 5
151 0 704 80 704 0 2 5 5
151 0 640 80 640 0 2 5 5
151 320 672 400 672 0 2 0 5
w 304 672 320 656 0
w 304 672 320 688 0
